156.0
155.0
156.0
158.0
158.0
153.0
154.0
157.0
159.0
159.0
149.0
151.0
155.0
158.0
159.0
146.0
146.0
149.0
153.0
158.0
145.0
143.0
143.0
148.0
158.0
167.0
166.0
167.0
169.0
169.0
164.0
165.0
168.0
170.0
170.0
160.0
162.0
166.0
169.0
170.0
156.0
156.0
159.0
163.0
168.0
155.0
153.0
153.0
158.0
168.0
163.0
162.0
163.0
165.0
165.0
160.0
161.0
164.0
166.0
166.0
156.0
158.0
162.0
165.0
166.0
155.0
155.0
158.0
162.0
167.0
154.0
152.0
152.0
157.0
167.0
